8
48 0
27
48 1
19
10
28
19
10
25
16
48 2
21
48 3
21
48 4
21
48 5
21
48 6
19
10
20
5
25
48 3
22
48 6
37
48 5
20
48 3
22
48 3
42
46 0
20
48 4
22
48 3
41
48 3
20
9
27
48 4
32
48 1
28
25
48 6
22
48 3
20
26
6
25
48 5
22
48 3
20
26
48 2
22
48 6
39
48 5
20
26
17
27
48 2
32
46 1
28
20
18
48 3
20
26
8
48 7
27
48 8
19
10
21
48 9
19
10
28
19
10
25
16
48 10
21
48 11
19
10
20
48 10
22
46 2
20
48 11
22
46 3
20
17
27
48 10
35
48 11
28
25
9
27
48 10
31
48 11
28
25
48 10
22
48 10
37
48 8
20
26
6
25
48 11
22
48 11
37
48 9
20
26
26
18
48 10
20
26
8
48 12
27
48 1
19
10
28
19
1
25
16
48 13
19
10
20
48 13
22
46 4
20
5
25
9
27
48 7
27
48 1
21
48 13
28
36
48 1
28
25
18
14
20
26
6
25
48 13
22
48 13
37
46 5
20
26
26
17
27
48 13
31
48 0
27
48 1
28
28
20
18
7
20
26
50